100
2 1 2
3 2 2
1 100000 1
1 100000 2
100000 100000 100000
99999 99979 99971
99983 99989 99989
98765 100000 99979
98761 100000 99991
96762 100000 99991
50697 61668 95211
40992 67841 59541
88685 60184 23885
24455 94011 74325
7756 93014 64298
9322 95663 55846
94428 96653 88437
66256 83488 86550
54537 94317 91372
75136 98432 8786
41868 96015 14370
90806 95720 29238
88694 91167 64544
48195 91946 96735
29026 95968 55368
92754 76512 32608
44038 99238 22150
86600 99231 55222
74955 75635 84849
53688 99975 68572
58580 84895 99878
98174 86987 914
68367 94661 97158
17840 97146 44765
18861 91219 37608
84975 98610 26105
21405 97717 67149
34930 98953 21362
15478 95325 31114
33476 99376 39202
19854 99612 53518
97215 99649 40542
82736 93738 15032
34468 93100 5776
94104 98441 37752
87884 97861 21526
2359 99308 55916
92612 99376 96694
68306 98632 81012
54874 98757 30616
77258 99812 53778
55490 97781 82100
30042 98331 65230
56520 98552 90570
37468 98404 92905
15168 99458 20208
55812 99183 92676
85380 99567 56366
23780 98040 89784
64656 99598 43538
56634 94638 87681
57408 99706 59985
94906 94954 3878
90620 98783 76996
21585 98177 1600
36338 99932 37714
66698 99527 79426
74846 99959 43366
9422 97883 94670
40098 98472 90954
67300 99286 92858
41166 96421 18867
8564 99784 98706
6772 97431 66054
84658 99566 29668
44930 99987 41395
75870 99107 54447
48326 99955 19576
52990 99161 63378
98156 99476 5706
71112 71544 35556
92349 42617 30783
87858 91014 29286
90090 32481 45045
80418 61335 40209
68478 24995 34239
97606 99384 48803
69506 6157 34753
95610 89957 31870
95190 6474 6346
58718 76560 82896
53790 43860 4890
56514 46886 18838
99648 4389 87192
10512 65246 42048
48778 6070 89146
14916 63624 37968
57834 2968 19278
99036 92879 77028
57582 1465 57582
