100
2 1 2
3 2 2
1 10 1
1 10 2
10 10 7
8 1 2
7 1 1
5 2 5
4 9 2
6 9 9
2 9 6
6 9 2
6 10 8
9 10 1
8 10 10
8 10 2
5 8 1
2 10 4
3 8 1
2 10 1
6 10 10
2 10 2
4 10 4
10 10 2
2 10 2
5 10 10
4 10 10
8 10 8
3 10 6
7 10 7
8 10 10
3 10 3
2 9 6
10 10 1
10 10 8
2 10 8
3 10 3
6 10 1
4 10 6
3 10 3
2 10 4
6 10 6
4 10 6
4 10 8
3 10 1
8 10 10
9 10 1
10 10 10
8 10 6
5 10 10
6 10 2
10 10 6
4 10 8
8 10 2
2 10 8
10 10 1
8 10 4
4 10 6
7 10 7
8 10 1
4 10 1
10 10 10
2 10 2
10 10 4
5 10 5
3 10 9
2 10 2
5 10 1
2 10 8
3 10 6
7 10 1
8 10 8
4 10 1
4 10 10
8 10 8
8 3 4
10 1 2
10 7 5
8 3 4
9 7 3
9 2 3
10 9 2
9 1 3
9 7 3
8 1 4
3 10 2
3 1 9
2 6 4
7 6 7
4 9 9
4 1 4
3 10 8
8 1 7
1 9 9
10 1 7
8 10 8
10 2 10
6 10 8
4 1 4
9 10 3
