1000
69 96 3
12 72 83
84 90 1
47 12 95
44 95 98
62 87 92
84 71 12
44 19 7
15 14 85
52 79 8
55 94 1
61 11 30
41 87 80
82 47 30
69 62 92
35 81 8
88 64 68
91 41 56
69 96 28
33 36 11
75 33 74
92 3 36
77 75 10
16 97 9
90 77 46
4 47 5
57 59 38
45 62 57
52 58 41
4 17 11
61 34 14
17 31 57
45 70 62
13 55 55
0 92 67
23 17 75
24 98 37
95 33 26
22 95 30
37 13 100
31 3 8
43 48 99
82 97 70
42 67 86
36 69 53
74 32 16
13 46 10
75 93 5
3 75 98
47 71 80
60 29 94
55 47 53
61 18 70
7 13 96
45 83 96
86 15 32
81 3 94
85 74 65
47 2 34
99 3 95
36 17 39
4 47 1
55 93 15
92 4 28
38 13 25
73 60 73
90 48 65
95 11 94
54 69 77
48 38 28
20 73 83
59 82 94
1 95 53
34 64 3
53 28 74
9 3 8
84 18 41
1 73 59
34 98 65
5 19 45
5 47 66
61 58 61
52 36 12
9 67 98
39 12 84
36 98 30
84 63 8
8 58 1
0 42 24
2 96 76
27 65 77
45 19 56
60 100 78
53 85 73
28 81 52
78 21 43
0 20 21
71 8 8
70 57 74
16 66 92
34 14 7
37 54 52
91 88 3
49 79 11
4 62 87
100 1 1
96 95 29
61 87 41
60 4 61
66 92 12
23 79 47
77 97 48
29 11 42
29 72 80
100 47 93
83 77 98
31 8 81
32 77 66
96 67 6
95 85 81
40 29 19
37 24 17
33 35 34
67 43 20
19 32 19
46 100 80
40 29 7
23 36 86
96 46 9
10 37 85
83 83 38
22 84 76
45 24 72
78 13 34
37 77 96
56 48 75
82 20 52
68 13 87
73 35 23
78 56 13
83 45 78
11 72 92
65 77 89
20 98 70
12 25 45
16 96 54
90 70 34
82 45 77
23 1 19
76 10 62
45 39 23
27 86 68
100 45 18
6 68 91
51 16 83
5 36 8
49 11 58
75 97 39
27 63 72
60 87 90
7 84 22
16 15 64
9 10 84
30 65 81
86 75 33
0 55 55
15 74 4
73 7 6
37 65 24
79 67 41
25 25 97
85 33 65
59 8 29
41 97 37
28 62 38
80 94 17
1 52 5
95 52 21
7 68 97
5 34 58
88 93 40
15 27 85
62 46 1
98 87 25
94 24 53
91 65 22
85 85 34
17 75 28
11 32 65
38 4 40
45 58 69
48 86 21
87 28 17
47 74 14
27 61 19
28 96 15
33 20 79
33 18 17
94 6 97
41 35 64
8 64 34
98 42 24
77 41 62
42 12 84
18 75 3
54 31 99
75 96 31
33 39 73
49 73 97
22 54 16
79 4 33
91 10 23
39 85 37
99 99 99
70 93 6
42 33 100
51 57 31
62 24 38
74 76 22
35 55 45
0 33 60
58 86 97
16 39 79
32 60 75
4 99 54
100 31 11
93 94 28
44 35 57
0 89 69
84 40 70
51 7 31
51 66 33
33 61 4
67 89 59
19 38 41
98 23 27
54 86 32
7 62 58
2 20 12
90 22 23
98 100 65
84 58 56
75 55 81
78 12 26
62 59 95
34 5 87
51 65 58
78 92 39
93 85 66
23 35 44
30 83 16
29 94 95
19 67 40
40 79 88
5 4 81
14 19 22
95 85 18
79 6 20
66 43 12
99 8 69
2 48 25
98 80 87
37 87 64
39 72 57
29 21 13
34 68 35
12 65 66
8 61 41
75 83 75
57 28 81
38 87 35
90 63 36
49 35 2
33 24 78
52 96 17
32 38 20
3 8 88
99 8 47
29 90 66
29 23 13
11 60 98
97 10 17
87 70 20
91 35 47
24 8 15
20 56 69
12 85 59
85 96 27
13 64 42
94 75 65
56 35 42
76 86 17
42 33 8
10 34 82
34 29 29
48 69 67
67 54 42
10 33 33
31 32 20
94 30 67
24 81 77
49 78 52
66 19 66
12 9 17
27 39 58
85 86 56
25 55 35
66 68 37
23 66 83
36 12 28
39 42 75
17 46 54
42 91 58
100 6 31
53 86 23
71 86 34
95 20 58
26 2 42
65 70 12
22 2 57
35 22 38
85 68 41
75 56 53
22 34 52
77 83 32
16 48 34
25 43 2
25 85 66
24 84 57
36 64 15
58 85 42
81 4 75
34 66 96
53 80 34
99 70 27
85 84 21
38 73 58
80 65 25
61 88 67
96 55 72
17 43 82
35 9 73
67 3 26
80 46 30
71 52 15
0 71 40
76 9 32
51 72 5
13 45 52
40 32 40
50 58 100
41 54 55
59 30 79
42 7 15
45 61 96
56 84 29
27 97 67
21 52 78
75 97 59
16 46 80
98 31 67
80 2 41
25 76 48
16 10 4
35 73 75
63 90 6
41 67 73
93 40 71
56 87 92
91 77 4
98 96 13
91 22 82
99 97 98
1 13 64
15 12 1
51 46 69
33 55 85
41 26 27
0 32 79
91 9 77
77 18 99
98 28 93
47 53 21
20 46 23
54 36 40
28 43 83
83 98 82
24 60 67
24 66 29
19 41 36
43 19 26
21 1 14
60 2 68
10 5 43
75 71 84
23 65 87
30 64 56
84 79 64
67 73 45
47 68 48
85 2 99
44 4 23
35 16 42
18 13 17
91 48 60
65 48 46
70 91 100
18 75 8
51 16 84
28 95 81
96 2 72
17 79 13
64 96 55
21 26 87
64 76 28
38 100 15
27 23 72
55 83 24
85 73 70
94 30 1
80 78 67
87 63 13
54 28 31
76 47 70
78 23 25
81 14 29
56 43 8
33 69 55
100 76 79
75 46 17
80 66 44
97 81 53
49 97 30
44 60 67
57 26 71
14 63 94
7 54 41
59 22 76
22 21 46
44 65 58
83 25 47
100 89 96
33 58 9
56 91 37
6 12 13
26 63 84
56 65 95
16 86 48
72 83 63
78 28 94
34 72 48
51 61 95
80 33 25
93 28 75
23 89 93
97 48 53
14 84 31
74 86 76
81 30 41
79 88 11
42 8 52
82 98 10
37 26 33
38 8 35
18 89 10
73 43 35
4 86 31
21 99 3
85 9 98
14 46 40
61 6 25
92 10 71
94 11 37
25 18 17
8 13 21
77 21 90
53 61 85
95 59 36
18 69 54
97 88 98
89 86 90
43 47 33
38 55 3
50 96 59
99 77 4
99 26 64
39 62 18
64 88 26
75 76 37
8 20 80
82 86 16
10 19 4
10 72 100
20 94 40
100 87 47
38 20 36
100 28 10
65 88 97
77 89 85
14 60 30
25 12 74
5 42 25
96 80 66
34 92 25
31 57 62
43 44 59
35 35 60
94 30 5
45 94 28
81 40 43
69 11 77
43 82 22
84 5 4
53 90 67
5 74 9
13 62 69
9 100 8
68 45 5
96 23 79
73 4 82
41 62 75
55 84 13
37 21 1
80 60 28
90 76 61
21 84 62
6 26 84
100 89 76
44 88 41
29 71 99
84 1 80
85 55 91
19 32 69
4 8 40
61 85 22
32 46 61
100 39 9
36 22 35
63 97 5
37 92 57
55 80 45
23 100 5
76 77 73
34 26 6
30 25 5
38 3 52
1 69 27
15 81 62
83 56 97
1 74 53
72 73 82
38 92 85
15 70 53
84 58 8
77 61 9
76 27 10
56 56 52
36 65 62
86 41 9
78 31 43
50 42 68
11 97 8
39 39 55
65 19 26
32 96 39
100 91 95
79 13 6
30 29 57
98 6 75
84 69 3
53 92 12
63 47 47
98 55 70
56 83 72
67 68 52
82 42 37
1 23 28
13 42 34
13 9 61
30 86 56
17 24 45
33 29 79
57 71 100
49 34 10
19 87 86
41 12 92
67 19 16
17 73 94
62 57 13
23 3 100
74 9 58
70 88 73
81 64 70
14 81 78
79 6 30
75 69 6
55 99 81
98 41 60
100 66 13
25 43 87
70 42 40
1 94 5
68 23 92
38 31 43
87 20 40
96 97 9
9 77 77
82 94 57
17 89 70
18 56 55
73 44 1
38 68 94
91 63 31
16 11 38
93 24 72
39 94 64
41 98 74
2 35 88
60 57 42
83 15 78
43 24 79
14 65 87
2 32 95
91 5 25
75 40 70
14 30 25
43 30 26
29 75 87
47 8 15
77 46 25
22 15 99
34 78 66
4 42 74
19 61 77
36 93 63
55 2 71
15 100 82
41 97 68
90 14 81
71 35 27
92 31 9
11 92 53
70 70 72
21 80 63
2 64 93
56 92 59
67 60 11
19 78 93
36 4 21
79 46 84
90 93 62
23 76 96
97 44 64
75 12 4
53 97 9
74 98 45
36 54 38
38 96 19
39 43 22
2 72 59
35 62 33
91 24 30
25 2 9
64 15 25
0 39 48
68 88 5
94 41 86
60 81 83
7 13 7
69 26 21
93 5 46
4 87 25
20 14 88
52 44 12
70 35 42
16 5 23
94 73 33
44 52 32
90 72 20
100 97 2
88 7 40
89 11 13
1 45 6
73 79 96
16 81 80
76 23 47
26 4 85
71 28 4
83 39 80
100 37 76
28 53 36
74 73 98
94 29 22
98 38 32
21 89 97
23 24 41
89 48 39
9 72 95
2 77 57
95 61 13
20 56 46
88 56 9
40 76 92
0 30 70
84 26 67
73 94 6
72 45 65
73 81 29
17 26 74
82 65 54
37 62 67
53 70 66
20 28 98
48 19 14
100 89 79
6 56 93
50 65 61
6 90 7
91 96 80
13 64 55
18 95 60
24 26 19
73 66 59
88 17 98
63 5 13
79 31 94
7 29 86
68 88 23
2 98 62
97 44 60
100 91 42
16 66 96
98 69 74
22 89 58
12 72 15
97 69 86
26 92 27
31 86 25
21 63 84
97 87 65
52 27 3
4 64 27
80 74 70
43 82 18
97 70 4
98 83 39
37 2 41
37 33 18
95 88 7
42 93 80
26 57 61
19 90 69
99 13 4
89 48 41
26 91 40
68 76 65
82 77 39
73 6 68
29 81 85
28 11 21
8 34 45
31 9 91
35 64 17
98 39 27
10 22 75
32 74 85
75 36 52
69 44 38
16 53 10
52 10 20
81 38 96
50 82 26
57 85 91
23 5 33
62 67 78
2 93 86
32 27 27
67 43 16
62 48 83
21 6 39
85 67 94
23 7 39
84 90 42
87 12 14
55 98 32
20 46 63
60 68 69
10 34 81
20 60 75
52 72 19
50 45 96
100 60 84
44 31 91
97 40 45
29 35 24
7 52 70
16 35 59
24 24 77
36 60 91
67 45 63
52 39 2
55 77 36
24 1 68
15 40 98
70 44 46
18 18 95
48 64 69
86 92 88
99 61 22
84 75 56
85 73 67
77 23 24
72 17 12
100 98 41
86 25 64
15 73 20
43 86 20
34 10 100
17 37 79
90 16 86
27 69 53
75 30 25
17 42 4
50 36 93
10 33 56
35 57 4
53 48 15
22 61 99
6 37 12
57 76 73
87 40 57
52 56 84
0 99 43
95 82 27
5 98 52
41 31 52
64 85 30
4 1 83
82 70 56
16 93 89
8 61 3
82 89 7
87 63 16
48 62 3
46 13 17
91 10 57
79 48 79
67 77 35
63 4 15
94 54 91
30 61 23
18 22 25
54 93 10
13 9 38
100 68 14
82 93 96
15 90 92
0 34 29
23 74 80
4 84 60
93 61 47
12 55 55
57 27 68
95 29 87
1 87 21
81 69 83
6 36 66
33 12 86
57 14 13
51 76 26
12 88 91
81 64 71
87 57 12
91 74 34
37 29 63
30 94 18
74 24 4
30 44 90
32 43 54
38 2 57
77 31 9
81 45 30
79 70 92
56 30 6
37 73 10
63 93 100
48 21 33
8 90 85
79 7 62
89 41 20
91 2 12
57 64 92
11 45 87
58 58 81
15 19 12
72 21 28
42 67 14
59 89 41
8 78 93
17 52 13
77 67 94
7 21 17
91 83 54
30 9 85
89 80 48
9 76 39
97 10 91
57 58 89
35 45 55
53 89 74
1 54 73
42 62 90
13 94 70
6 53 79
16 54 82
51 32 31
54 70 59
3 31 48
97 76 47
6 54 76
78 100 69
6 27 73
60 86 100
70 67 75
96 33 27
43 72 63
79 100 64
79 87 63
23 58 58
99 92 60
53 22 1
10 9 17
46 38 10
92 100 81
100 74 54
100 66 7
8 87 8
14 36 81
69 74 98
79 12 10
10 87 38
31 20 6
58 27 76
37 87 8
75 68 11
69 91 72
73 81 87
69 18 21
97 37 34
51 82 15
9 67 78
67 48 15
94 20 21
68 63 40
13 28 46
8 100 13
25 93 2
19 77 72
59 78 24
59 46 2
32 14 83
65 77 35
5 77 3
66 20 11
4 11 83
17 17 24
1 97 39
99 58 92
55 37 9
67 95 83
57 66 7
94 29 61
88 98 52
50 66 61
79 40 83
55 68 37
77 76 20
75 18 61
88 5 55
20 73 91
46 59 25
76 78 55
67 10 77
37 59 59
95 23 15
71 83 38
51 36 99
53 3 4
87 15 84
22 20 89
94 13 95
14 89 2
68 55 29
10 32 14
64 38 29
66 30 100
50 91 58
7 29 92
46 13 25
61 9 64
