100
4 2
5 2
6 2
1000 1000
1000 1
1000 394
652 650
500 1
533 496
309 286
999 999
922 916
999 255
500 249
415 325
572 455
500 500
500 245
999 128
1000 127
821 804
5 1
653 531
999 511
1000 999
999 256
999 487
999 427
937 891
1000 255
500 254
865 664
500 2
1000 488
357 337
279 220
999 488
1000 498
500 128
4 1
1000 511
485 383
575 451
330 272
999 998
1000 512
570 466
389 386
580 574
1000 499
662 504
500 65
500 256
804 624
3 1
1000 256
573 472
1000 2
931 908
1000 500
1 1
500 116
337 300
863 668
999 499
426 342
701 625
999 2
500 244
999 498
500 127
887 801
2 1
500 499
672 525
1000 489
506 380
863 850
770 716
999 127
2 2
500 243
594 562
685 577
620 558
487 455
500 248
3 2
999 497
500 250
500 255
872 736
727 671
999 512
500 117
999 508
567 545
902 716
1000 128
999 1
